result: F(1,0.25)[&F(0.8,0.25)][&/F(0.8,0.125)][&\F(0.8,0.5)]
Creating object:
[   [ 1.000000, 0.000000, 0.000000, 0.000000 ]
  [ 0.000000, 1.000000, 0.000000, 0.000000 ]
  [ 0.000000, 0.000000, 1.000000, 0.000000 ]
  [ 0.000000, 0.000000, 0.000000, 1.000000 ]
 ] 
 Creating object:
[   [ 1.000000, 0.000000, 0.000000, 0.000000 ]
  [ 0.000000, 0.906308, -0.422618, 0.000000 ]
  [ 0.000000, 0.422618, 0.906308, 1.000000 ]
  [ 0.000000, 0.000000, 0.000000, 1.000000 ]
 ] 
 Creating object:
[   [ 0.906308, 0.422618, 0.000000, 0.000000 ]
  [ -0.383022, 0.821394, -0.422618, 0.000000 ]
  [ -0.178606, 0.383022, 0.906308, 1.000000 ]
  [ 0.000000, 0.000000, 0.000000, 1.000000 ]
 ] 
 Creating object:
[   [ 0.906308, -0.422618, 0.000000, 0.000000 ]
  [ 0.383022, 0.821394, -0.422618, 0.000000 ]
  [ 0.178606, 0.383022, 0.906308, 1.000000 ]
  [ 0.000000, 0.000000, 0.000000, 1.000000 ]

